 51 35 14 02  1 set
 49 30 14 02  1 set
 47 32 13 02  1 set
 46 31 15 02  1 set
 50 36 14 02  1 set
 54 39 17 04  1 set
 46 34 14 03  1 set
 50 34 15 02  1 set
 44 29 14 02  1 set
 49 31 15 01  1 set
 54 37 15 02  1 set
 48 34 16 02  1 set
 48 30 14 01  1 set
 43 30 11 01  1 set
 58 40 12 02  1 set
 57 44 15 04  1 set
 54 39 13 04  1 set
 51 35 14 03  1 set
 57 38 17 03  1 set
 51 38 15 03  1 set
 54 34 17 02  1 set
 51 37 15 04  1 set
 46 36 10 02  1 set
 51 33 17 05  1 set
 48 34 19 02  1 set
 50 30 16 02  1 set
 50 34 16 04  1 set
 52 35 15 02  1 set
 52 34 14 02  1 set
 47 32 16 02  1 set
 48 31 16 02  1 set
 54 34 15 04  1 set
 52 41 15 01  1 set
 55 42 14 02  1 set
 49 31 15 01  1 set
 50 32 12 02  1 set
 55 35 13 02  1 set
 49 31 15 01  1 set
 44 30 13 02  1 set
 51 34 15 02  1 set
 50 35 13 03  1 set
 45 23 13 03  1 set
 44 32 13 02  1 set
 50 35 16 06  1 set
 51 38 19 04  1 set
 48 30 14 03  1 set
 51 38 16 02  1 set
 46 32 14 02  1 set
 53 37 15 02  1 set
 50 33 14 02  1 set
 70 32 47 14  2 ver
 64 32 45 15  2 ver
 69 31 49 15  2 ver
 55 23 40 13  2 ver
 65 28 46 15  2 ver
 57 28 45 13  2 ver
 63 33 47 16  2 ver
 49 24 33 10  2 ver
 66 29 46 13  2 ver
 52 27 39 14  2 ver
 50 20 35 10  2 ver
 59 30 42 15  2 ver
 60 22 40 10  2 ver
 61 29 47 14  2 ver
 56 29 36 13  2 ver
 67 31 44 14  2 ver
 56 30 45 15  2 ver
 58 27 41 10  2 ver
 62 22 45 15  2 ver
 56 25 39 11  2 ver
 59 32 48 18  2 ver
 61 28 40 13  2 ver
 63 25 49 15  2 ver
 61 28 47 12  2 ver
 64 29 43 13  2 ver
 66 30 44 14  2 ver
 68 28 48 14  2 ver
 67 30 50 17  2 ver
 60 29 45 15  2 ver
 57 26 35 10  2 ver
 55 24 38 11  2 ver
 55 24 37 10  2 ver
 58 27 39 12  2 ver
 60 27 51 16  2 ver
 54 30 45 15  2 ver
 60 34 45 16  2 ver
 67 31 47 15  2 ver
 63 23 44 13  2 ver
 56 30 41 13  2 ver
 55 25 40 13  2 ver
 55 26 44 12  2 ver
 61 30 46 14  2 ver
 58 26 40 12  2 ver
 50 23 33 10  2 ver
 56 27 42 13  2 ver
 57 30 42 12  2 ver
 57 29 42 13  2 ver
 62 29 43 13  2 ver
 51 25 30 11  2 ver
 57 28 41 13  2 ver
 63 33 60 25  3 vig
 58 27 51 19  3 vig
 71 30 59 21  3 vig
 63 29 56 18  3 vig
 65 30 58 22  3 vig
 76 30 66 21  3 vig
 49 25 45 17  3 vig
 73 29 63 18  3 vig
 67 25 58 18  3 vig
 72 36 61 25  3 vig
 65 32 51 20  3 vig
 64 27 53 19  3 vig
 68 30 55 21  3 vig
 57 25 50 20  3 vig
 58 28 51 24  3 vig
 64 32 53 23  3 vig
 65 30 55 18  3 vig
 77 38 67 22  3 vig
 77 26 69 23  3 vig
 60 22 50 15  3 vig
 69 32 57 23  3 vig
 56 28 49 20  3 vig
 77 28 67 20  3 vig
 63 27 49 18  3 vig
 67 33 57 21  3 vig
 72 32 60 18  3 vig
 62 28 48 18  3 vig
 61 30 49 18  3 vig
 64 28 56 21  3 vig
 72 30 58 16  3 vig
 74 28 61 19  3 vig
 79 38 64 20  3 vig
 64 28 56 22  3 vig
 63 28 51 15  3 vig
 61 26 56 14  3 vig
 77 30 61 23  3 vig
 63 34 56 24  3 vig
 64 31 55 18  3 vig
 60 30 48 18  3 vig
 69 31 54 21  3 vig
 67 31 56 24  3 vig
 69 31 51 23  3 vig
 58 27 51 19  3 vig
 68 32 59 23  3 vig
 67 33 57 25  3 vig
 67 30 52 23  3 vig
 63 25 50 19  3 vig
 65 30 52 20  3 vig
 62 34 54 23  3 vig
 59 30 51 18  3 vig
